14688876
14688876
14688876
14688902
14688902
14688902
14689644
14689644
14689644
14689977
14689977
14689977
14690316
14690316
14690316
14690531
14690531
14690531
14690706
14690706
14712425
14712425
14715147
14715147
394502
394502
394502
1079442
1079442
1079543
1079543
1079543
1079543
1079543
1079543
1079564
1079564
1079564
1079564
1079564
1079564
1079583
1079583
1079583
1079583
1079602
1079602
1079602
1079602
1079602
1079602
1079692
1079692
1079692
1079692
1079692
1079692
1079737
1079737
1079737
1079737
1079737
1079737
1079794
1079794
1079794
1079794
1079794
1079794
1079884
1079884
1079884
1079884
1079932
1079932
1079970
1079970
1079992
1079992
1080287
1080287
1080441
1080441
1080678
1080678
